{
 "cells": [
  {
   "cell_type": "code",
   "execution_count": 7,
   "id": "222b8697",
   "metadata": {},
   "outputs": [
    {
     "data": {
      "text/html": [
       "<div>\n",
       "<style scoped>\n",
       "    .dataframe tbody tr th:only-of-type {\n",
       "        vertical-align: middle;\n",
       "    }\n",
       "\n",
       "    .dataframe tbody tr th {\n",
       "        vertical-align: top;\n",
       "    }\n",
       "\n",
       "    .dataframe thead th {\n",
       "        text-align: right;\n",
       "    }\n",
       "</style>\n",
       "<table border=\"1\" class=\"dataframe\">\n",
       "  <thead>\n",
       "    <tr style=\"text-align: right;\">\n",
       "      <th></th>\n",
       "      <th>acousticness</th>\n",
       "      <th>danceability</th>\n",
       "      <th>duration_ms</th>\n",
       "      <th>energy</th>\n",
       "      <th>explicit</th>\n",
       "      <th>instrumentalness</th>\n",
       "      <th>key</th>\n",
       "      <th>liveness</th>\n",
       "      <th>loudness</th>\n",
       "      <th>mode</th>\n",
       "      <th>popularity</th>\n",
       "      <th>speechiness</th>\n",
       "      <th>tempo</th>\n",
       "      <th>valence</th>\n",
       "    </tr>\n",
       "  </thead>\n",
       "  <tbody>\n",
       "    <tr>\n",
       "      <th>acousticness</th>\n",
       "      <td>1.000000</td>\n",
       "      <td>-0.263217</td>\n",
       "      <td>-0.089169</td>\n",
       "      <td>-0.750852</td>\n",
       "      <td>-0.208176</td>\n",
       "      <td>0.221956</td>\n",
       "      <td>-0.028028</td>\n",
       "      <td>-0.029654</td>\n",
       "      <td>-0.546639</td>\n",
       "      <td>0.064633</td>\n",
       "      <td>-0.396744</td>\n",
       "      <td>-0.022437</td>\n",
       "      <td>-0.223840</td>\n",
       "      <td>-0.166968</td>\n",
       "    </tr>\n",
       "    <tr>\n",
       "      <th>danceability</th>\n",
       "      <td>-0.263217</td>\n",
       "      <td>1.000000</td>\n",
       "      <td>-0.100757</td>\n",
       "      <td>0.204838</td>\n",
       "      <td>0.200842</td>\n",
       "      <td>-0.215589</td>\n",
       "      <td>0.026266</td>\n",
       "      <td>-0.110033</td>\n",
       "      <td>0.249541</td>\n",
       "      <td>-0.048358</td>\n",
       "      <td>0.123746</td>\n",
       "      <td>0.239962</td>\n",
       "      <td>0.005479</td>\n",
       "      <td>0.536713</td>\n",
       "    </tr>\n",
       "    <tr>\n",
       "      <th>duration_ms</th>\n",
       "      <td>-0.089169</td>\n",
       "      <td>-0.100757</td>\n",
       "      <td>1.000000</td>\n",
       "      <td>0.060516</td>\n",
       "      <td>-0.033808</td>\n",
       "      <td>0.103621</td>\n",
       "      <td>0.002020</td>\n",
       "      <td>0.028942</td>\n",
       "      <td>0.019791</td>\n",
       "      <td>-0.046849</td>\n",
       "      <td>0.024717</td>\n",
       "      <td>-0.097838</td>\n",
       "      <td>-0.008182</td>\n",
       "      <td>-0.183199</td>\n",
       "    </tr>\n",
       "    <tr>\n",
       "      <th>energy</th>\n",
       "      <td>-0.750852</td>\n",
       "      <td>0.204838</td>\n",
       "      <td>0.060516</td>\n",
       "      <td>1.000000</td>\n",
       "      <td>0.102561</td>\n",
       "      <td>-0.177750</td>\n",
       "      <td>0.035780</td>\n",
       "      <td>0.134815</td>\n",
       "      <td>0.779267</td>\n",
       "      <td>-0.056160</td>\n",
       "      <td>0.328939</td>\n",
       "      <td>-0.112616</td>\n",
       "      <td>0.266448</td>\n",
       "      <td>0.326418</td>\n",
       "    </tr>\n",
       "    <tr>\n",
       "      <th>explicit</th>\n",
       "      <td>-0.208176</td>\n",
       "      <td>0.200842</td>\n",
       "      <td>-0.033808</td>\n",
       "      <td>0.102561</td>\n",
       "      <td>1.000000</td>\n",
       "      <td>-0.130609</td>\n",
       "      <td>0.005282</td>\n",
       "      <td>0.037288</td>\n",
       "      <td>0.106249</td>\n",
       "      <td>-0.062503</td>\n",
       "      <td>0.152545</td>\n",
       "      <td>0.353872</td>\n",
       "      <td>0.008075</td>\n",
       "      <td>-0.009275</td>\n",
       "    </tr>\n",
       "    <tr>\n",
       "      <th>instrumentalness</th>\n",
       "      <td>0.221956</td>\n",
       "      <td>-0.215589</td>\n",
       "      <td>0.103621</td>\n",
       "      <td>-0.177750</td>\n",
       "      <td>-0.130609</td>\n",
       "      <td>1.000000</td>\n",
       "      <td>-0.004619</td>\n",
       "      <td>-0.047941</td>\n",
       "      <td>-0.317562</td>\n",
       "      <td>-0.056731</td>\n",
       "      <td>-0.300625</td>\n",
       "      <td>-0.133966</td>\n",
       "      <td>-0.068656</td>\n",
       "      <td>-0.219188</td>\n",
       "    </tr>\n",
       "    <tr>\n",
       "      <th>key</th>\n",
       "      <td>-0.028028</td>\n",
       "      <td>0.026266</td>\n",
       "      <td>0.002020</td>\n",
       "      <td>0.035780</td>\n",
       "      <td>0.005282</td>\n",
       "      <td>-0.004619</td>\n",
       "      <td>1.000000</td>\n",
       "      <td>-0.003368</td>\n",
       "      <td>0.025227</td>\n",
       "      <td>-0.127397</td>\n",
       "      <td>0.001951</td>\n",
       "      <td>0.009648</td>\n",
       "      <td>0.005009</td>\n",
       "      <td>0.025592</td>\n",
       "    </tr>\n",
       "    <tr>\n",
       "      <th>liveness</th>\n",
       "      <td>-0.029654</td>\n",
       "      <td>-0.110033</td>\n",
       "      <td>0.028942</td>\n",
       "      <td>0.134815</td>\n",
       "      <td>0.037288</td>\n",
       "      <td>-0.047941</td>\n",
       "      <td>-0.003368</td>\n",
       "      <td>1.000000</td>\n",
       "      <td>0.062695</td>\n",
       "      <td>0.001677</td>\n",
       "      <td>-0.078959</td>\n",
       "      <td>0.122034</td>\n",
       "      <td>0.008586</td>\n",
       "      <td>-0.005781</td>\n",
       "    </tr>\n",
       "    <tr>\n",
       "      <th>loudness</th>\n",
       "      <td>-0.546639</td>\n",
       "      <td>0.249541</td>\n",
       "      <td>0.019791</td>\n",
       "      <td>0.779267</td>\n",
       "      <td>0.106249</td>\n",
       "      <td>-0.317562</td>\n",
       "      <td>0.025227</td>\n",
       "      <td>0.062695</td>\n",
       "      <td>1.000000</td>\n",
       "      <td>-0.019250</td>\n",
       "      <td>0.337194</td>\n",
       "      <td>-0.213504</td>\n",
       "      <td>0.217914</td>\n",
       "      <td>0.302520</td>\n",
       "    </tr>\n",
       "    <tr>\n",
       "      <th>mode</th>\n",
       "      <td>0.064633</td>\n",
       "      <td>-0.048358</td>\n",
       "      <td>-0.046849</td>\n",
       "      <td>-0.056160</td>\n",
       "      <td>-0.062503</td>\n",
       "      <td>-0.056731</td>\n",
       "      <td>-0.127397</td>\n",
       "      <td>0.001677</td>\n",
       "      <td>-0.019250</td>\n",
       "      <td>1.000000</td>\n",
       "      <td>0.007652</td>\n",
       "      <td>-0.040711</td>\n",
       "      <td>0.002438</td>\n",
       "      <td>0.021592</td>\n",
       "    </tr>\n",
       "    <tr>\n",
       "      <th>popularity</th>\n",
       "      <td>-0.396744</td>\n",
       "      <td>0.123746</td>\n",
       "      <td>0.024717</td>\n",
       "      <td>0.328939</td>\n",
       "      <td>0.152545</td>\n",
       "      <td>-0.300625</td>\n",
       "      <td>0.001951</td>\n",
       "      <td>-0.078959</td>\n",
       "      <td>0.337194</td>\n",
       "      <td>0.007652</td>\n",
       "      <td>1.000000</td>\n",
       "      <td>-0.195329</td>\n",
       "      <td>0.094985</td>\n",
       "      <td>0.063471</td>\n",
       "    </tr>\n",
       "    <tr>\n",
       "      <th>speechiness</th>\n",
       "      <td>-0.022437</td>\n",
       "      <td>0.239962</td>\n",
       "      <td>-0.097838</td>\n",
       "      <td>-0.112616</td>\n",
       "      <td>0.353872</td>\n",
       "      <td>-0.133966</td>\n",
       "      <td>0.009648</td>\n",
       "      <td>0.122034</td>\n",
       "      <td>-0.213504</td>\n",
       "      <td>-0.040711</td>\n",
       "      <td>-0.195329</td>\n",
       "      <td>1.000000</td>\n",
       "      <td>-0.033530</td>\n",
       "      <td>0.050600</td>\n",
       "    </tr>\n",
       "    <tr>\n",
       "      <th>tempo</th>\n",
       "      <td>-0.223840</td>\n",
       "      <td>0.005479</td>\n",
       "      <td>-0.008182</td>\n",
       "      <td>0.266448</td>\n",
       "      <td>0.008075</td>\n",
       "      <td>-0.068656</td>\n",
       "      <td>0.005009</td>\n",
       "      <td>0.008586</td>\n",
       "      <td>0.217914</td>\n",
       "      <td>0.002438</td>\n",
       "      <td>0.094985</td>\n",
       "      <td>-0.033530</td>\n",
       "      <td>1.000000</td>\n",
       "      <td>0.163118</td>\n",
       "    </tr>\n",
       "    <tr>\n",
       "      <th>valence</th>\n",
       "      <td>-0.166968</td>\n",
       "      <td>0.536713</td>\n",
       "      <td>-0.183199</td>\n",
       "      <td>0.326418</td>\n",
       "      <td>-0.009275</td>\n",
       "      <td>-0.219188</td>\n",
       "      <td>0.025592</td>\n",
       "      <td>-0.005781</td>\n",
       "      <td>0.302520</td>\n",
       "      <td>0.021592</td>\n",
       "      <td>0.063471</td>\n",
       "      <td>0.050600</td>\n",
       "      <td>0.163118</td>\n",
       "      <td>1.000000</td>\n",
       "    </tr>\n",
       "  </tbody>\n",
       "</table>\n",
       "</div>"
      ],
      "text/plain": [
       "                  acousticness  danceability  duration_ms    energy  explicit  \\\n",
       "acousticness          1.000000     -0.263217    -0.089169 -0.750852 -0.208176   \n",
       "danceability         -0.263217      1.000000    -0.100757  0.204838  0.200842   \n",
       "duration_ms          -0.089169     -0.100757     1.000000  0.060516 -0.033808   \n",
       "energy               -0.750852      0.204838     0.060516  1.000000  0.102561   \n",
       "explicit             -0.208176      0.200842    -0.033808  0.102561  1.000000   \n",
       "instrumentalness      0.221956     -0.215589     0.103621 -0.177750 -0.130609   \n",
       "key                  -0.028028      0.026266     0.002020  0.035780  0.005282   \n",
       "liveness             -0.029654     -0.110033     0.028942  0.134815  0.037288   \n",
       "loudness             -0.546639      0.249541     0.019791  0.779267  0.106249   \n",
       "mode                  0.064633     -0.048358    -0.046849 -0.056160 -0.062503   \n",
       "popularity           -0.396744      0.123746     0.024717  0.328939  0.152545   \n",
       "speechiness          -0.022437      0.239962    -0.097838 -0.112616  0.353872   \n",
       "tempo                -0.223840      0.005479    -0.008182  0.266448  0.008075   \n",
       "valence              -0.166968      0.536713    -0.183199  0.326418 -0.009275   \n",
       "\n",
       "                  instrumentalness       key  liveness  loudness      mode  \\\n",
       "acousticness              0.221956 -0.028028 -0.029654 -0.546639  0.064633   \n",
       "danceability             -0.215589  0.026266 -0.110033  0.249541 -0.048358   \n",
       "duration_ms               0.103621  0.002020  0.028942  0.019791 -0.046849   \n",
       "energy                   -0.177750  0.035780  0.134815  0.779267 -0.056160   \n",
       "explicit                 -0.130609  0.005282  0.037288  0.106249 -0.062503   \n",
       "instrumentalness          1.000000 -0.004619 -0.047941 -0.317562 -0.056731   \n",
       "key                      -0.004619  1.000000 -0.003368  0.025227 -0.127397   \n",
       "liveness                 -0.047941 -0.003368  1.000000  0.062695  0.001677   \n",
       "loudness                 -0.317562  0.025227  0.062695  1.000000 -0.019250   \n",
       "mode                     -0.056731 -0.127397  0.001677 -0.019250  1.000000   \n",
       "popularity               -0.300625  0.001951 -0.078959  0.337194  0.007652   \n",
       "speechiness              -0.133966  0.009648  0.122034 -0.213504 -0.040711   \n",
       "tempo                    -0.068656  0.005009  0.008586  0.217914  0.002438   \n",
       "valence                  -0.219188  0.025592 -0.005781  0.302520  0.021592   \n",
       "\n",
       "                  popularity  speechiness     tempo   valence  \n",
       "acousticness       -0.396744    -0.022437 -0.223840 -0.166968  \n",
       "danceability        0.123746     0.239962  0.005479  0.536713  \n",
       "duration_ms         0.024717    -0.097838 -0.008182 -0.183199  \n",
       "energy              0.328939    -0.112616  0.266448  0.326418  \n",
       "explicit            0.152545     0.353872  0.008075 -0.009275  \n",
       "instrumentalness   -0.300625    -0.133966 -0.068656 -0.219188  \n",
       "key                 0.001951     0.009648  0.005009  0.025592  \n",
       "liveness           -0.078959     0.122034  0.008586 -0.005781  \n",
       "loudness            0.337194    -0.213504  0.217914  0.302520  \n",
       "mode                0.007652    -0.040711  0.002438  0.021592  \n",
       "popularity          1.000000    -0.195329  0.094985  0.063471  \n",
       "speechiness        -0.195329     1.000000 -0.033530  0.050600  \n",
       "tempo               0.094985    -0.033530  1.000000  0.163118  \n",
       "valence             0.063471     0.050600  0.163118  1.000000  "
      ]
     },
     "execution_count": 7,
     "metadata": {},
     "output_type": "execute_result"
    }
   ],
   "source": [
    "import warnings\n",
    "import numpy as np\n",
    "import pandas as pd\n",
    "import matplotlib.pyplot as plt\n",
    "import seaborn as sns\n",
    "from tqdm import tqdm\n",
    "sns.set()\n",
    "\n",
    "data = pd.read_csv(\"spotify.csv\")\n",
    "data.head()\n",
    "df = data.drop(columns=['id', 'name', 'artists', 'release_date', 'year'])\n",
    "df.corr()"
   ]
  },
  {
   "cell_type": "code",
   "execution_count": 8,
   "id": "dc177574",
   "metadata": {},
   "outputs": [],
   "source": [
    "from sklearn.preprocessing import MinMaxScaler\n",
    "datatypes = ['int16', 'int32', 'int64', 'float16', 'float32', 'float64']\n",
    "normarization = data.select_dtypes(include=datatypes)\n",
    "for col in normarization.columns:\n",
    "    MinMaxScaler(col)"
   ]
  },
  {
   "cell_type": "code",
   "execution_count": 9,
   "id": "6a680bd6",
   "metadata": {},
   "outputs": [
    {
     "data": {
      "text/plain": [
       "MinMaxScaler(feature_range=0         7\n",
       "1         7\n",
       "2         7\n",
       "3         9\n",
       "4         7\n",
       "         ..\n",
       "174384    7\n",
       "174385    7\n",
       "174386    1\n",
       "174387    1\n",
       "174388    1\n",
       "Name: features, Length: 174389, dtype: int32)"
      ]
     },
     "execution_count": 9,
     "metadata": {},
     "output_type": "execute_result"
    }
   ],
   "source": [
    "from sklearn.cluster import KMeans\n",
    "kmeans = KMeans(n_clusters=10)\n",
    "features = kmeans.fit_predict(normarization)\n",
    "data['features'] = features\n",
    "MinMaxScaler(data['features'])\n"
   ]
  },
  {
   "cell_type": "code",
   "execution_count": 10,
   "id": "e386c039",
   "metadata": {},
   "outputs": [
    {
     "name": "stderr",
     "output_type": "stream",
     "text": [
      "100%|███████████████████████████████████████████████████████████████████████| 174387/174387 [00:14<00:00, 12016.44it/s]\n",
      "<ipython-input-10-461a2c8173a0>:14: SettingWithCopyWarning: \n",
      "A value is trying to be set on a copy of a slice from a DataFrame.\n",
      "Try using .loc[row_indexer,col_indexer] = value instead\n",
      "\n",
      "See the caveats in the documentation: https://pandas.pydata.org/pandas-docs/stable/user_guide/indexing.html#returning-a-view-versus-a-copy\n",
      "  rec['distance'] = distance\n"
     ]
    },
    {
     "data": {
      "text/html": [
       "<div>\n",
       "<style scoped>\n",
       "    .dataframe tbody tr th:only-of-type {\n",
       "        vertical-align: middle;\n",
       "    }\n",
       "\n",
       "    .dataframe tbody tr th {\n",
       "        vertical-align: top;\n",
       "    }\n",
       "\n",
       "    .dataframe thead th {\n",
       "        text-align: right;\n",
       "    }\n",
       "</style>\n",
       "<table border=\"1\" class=\"dataframe\">\n",
       "  <thead>\n",
       "    <tr style=\"text-align: right;\">\n",
       "      <th></th>\n",
       "      <th>artists</th>\n",
       "      <th>name</th>\n",
       "    </tr>\n",
       "  </thead>\n",
       "  <tbody>\n",
       "    <tr>\n",
       "      <th>103171</th>\n",
       "      <td>['Barão Vermelho']</td>\n",
       "      <td>Bete Balanço</td>\n",
       "    </tr>\n",
       "    <tr>\n",
       "      <th>55318</th>\n",
       "      <td>['Shinedown']</td>\n",
       "      <td>Save Me</td>\n",
       "    </tr>\n",
       "    <tr>\n",
       "      <th>16385</th>\n",
       "      <td>['O-Zone']</td>\n",
       "      <td>Dragostea Din Tei</td>\n",
       "    </tr>\n",
       "    <tr>\n",
       "      <th>11168</th>\n",
       "      <td>['Bob Marley &amp; The Wailers']</td>\n",
       "      <td>Positive Vibration</td>\n",
       "    </tr>\n",
       "    <tr>\n",
       "      <th>158441</th>\n",
       "      <td>[\"Olivia O'Brien\"]</td>\n",
       "      <td>Love Myself</td>\n",
       "    </tr>\n",
       "    <tr>\n",
       "      <th>54226</th>\n",
       "      <td>['Naughty By Nature', 'Zhané']</td>\n",
       "      <td>Jamboree (feat. Zhané)</td>\n",
       "    </tr>\n",
       "    <tr>\n",
       "      <th>85047</th>\n",
       "      <td>['The Outlaws']</td>\n",
       "      <td>Song For You</td>\n",
       "    </tr>\n",
       "    <tr>\n",
       "      <th>50644</th>\n",
       "      <td>['The Alan Parsons Project']</td>\n",
       "      <td>Mammagamma - Instrumental</td>\n",
       "    </tr>\n",
       "    <tr>\n",
       "      <th>107163</th>\n",
       "      <td>['Britney Spears']</td>\n",
       "      <td>My Prerogative</td>\n",
       "    </tr>\n",
       "    <tr>\n",
       "      <th>35098</th>\n",
       "      <td>['Los Askis']</td>\n",
       "      <td>¡Ay! El Amor</td>\n",
       "    </tr>\n",
       "  </tbody>\n",
       "</table>\n",
       "</div>"
      ],
      "text/plain": [
       "                               artists                       name\n",
       "103171              ['Barão Vermelho']               Bete Balanço\n",
       "55318                    ['Shinedown']                    Save Me\n",
       "16385                       ['O-Zone']          Dragostea Din Tei\n",
       "11168     ['Bob Marley & The Wailers']         Positive Vibration\n",
       "158441              [\"Olivia O'Brien\"]                Love Myself\n",
       "54226   ['Naughty By Nature', 'Zhané']     Jamboree (feat. Zhané)\n",
       "85047                  ['The Outlaws']               Song For You\n",
       "50644     ['The Alan Parsons Project']  Mammagamma - Instrumental\n",
       "107163              ['Britney Spears']             My Prerogative\n",
       "35098                    ['Los Askis']               ¡Ay! El Amor"
      ]
     },
     "execution_count": 10,
     "metadata": {},
     "output_type": "execute_result"
    }
   ],
   "source": [
    "class Spotify_Recommendation():\n",
    "    def __init__(self, dataset):\n",
    "        self.dataset = dataset\n",
    "    def recommend(self, songs, amount=1):\n",
    "        distance = []\n",
    "        song = self.dataset[(self.dataset.name.str.lower() == songs.lower())].head(1).values[0]\n",
    "        rec = self.dataset[self.dataset.name.str.lower() != songs.lower()]\n",
    "        for songs in tqdm(rec.values):\n",
    "            d = 0\n",
    "            for col in np.arange(len(rec.columns)):\n",
    "                if not col in [1, 6, 12, 14, 18]:\n",
    "                    d = d + np.absolute(float(song[col]) - float(songs[col]))\n",
    "            distance.append(d)\n",
    "        rec['distance'] = distance\n",
    "        rec = rec.sort_values('distance')\n",
    "        columns = ['artists', 'name']\n",
    "        return rec[columns][:amount]\n",
    "\n",
    "recommendations = Spotify_Recommendation(data)\n",
    "recommendations.recommend(\"Lovers Rock\", 10)"
   ]
  }
 ],
 "metadata": {
  "kernelspec": {
   "display_name": "Python 3",
   "language": "python",
   "name": "python3"
  },
  "language_info": {
   "codemirror_mode": {
    "name": "ipython",
    "version": 3
   },
   "file_extension": ".py",
   "mimetype": "text/x-python",
   "name": "python",
   "nbconvert_exporter": "python",
   "pygments_lexer": "ipython3",
   "version": "3.8.10"
  }
 },
 "nbformat": 4,
 "nbformat_minor": 5
}
